31 32 0.930533
31 23 0.791491
32 17 0.899667
17 13 0.921722
17 44 0.83834
23 3 0.932473
13 5 0.966786
13 20 0.95696
3 44 0.89009
3 5 0.726634
0 54 0.93378
0 60 0.917384
44 35 0.948022
44 10 0.83834
5 24 0.921722
53 6 0.856711
53 61 0.917384
35 52 0.879263
35 11 0.908024
10 36 0.875469
12 42 0.840682
12 30 0.803842
54 1 0.859701
54 24 0.890535
52 60 0.827424
52 2 0.924801
36 60 0.735763
36 4 0.839204
60 7 0.784517
60 14 0.751251
1 15 0.829017
1 18 0.899667
6 9 0.95766
6 19 0.859331
61 4 0.867569
61 22 0.862468
4 9 0.847946
4 30 0.862468
9 25 0.726634
11 15 0.83834
11 38 0.847946
24 26 0.81638
24 27 0.751251
42 28 0.875469
30 29 0.917384
25 7 0.791491
19 33 0.827424
28 33 0.851818
15 20 0.803842
7 38 0.814819
7 27 0.948022
26 14 0.890243
22 14 0.840682
33 34 0.964577
33 37 0.723817
37 2 0.95766
37 40 0.769697
18 41 0.820403
18 43 0.899667
20 45 0.789042
20 46 0.841393
45 55 0.803981
14 46 0.890535
14 39 0.734438
41 47 0.924801
43 38 0.859701
43 48 0.83834
2 49 0.854909
38 50 0.917384
38 48 1
47 51 0.819492
29 56 0.797732
50 57 0.881779
56 46 0.960092
46 58 0.953632
46 59 0.948022
58 63 0.854909
57 40 0.851818
